1 11 10 10 10 11 1 11 10 12 9 3 1 11 10 10 10 10
9 11 10 10 10 11 9 11 10 12 9 3 9 11 10 10 10 10
11 11 10 10 10 11 11 11 10 11 1 12 11 11 10 10 10 10
10 10 10 10 10 10 10 10 10 11 1 11 10 10 10 10 11 11
10 10 10 10 10 10 10 10 10 11 9 11 10 10 10 10 11 9
10 10 10 10 10 10 10 10 10 11 11 11 10 10 10 10 11 11
10 10 10 10 10 10 10 10 10 10 10 10 10 10 10 10 10 10
10 10 10 10 10 10 10 10 10 10 10 10 10 10 10 10 10 10
10 10 10 11 11 11 10 11 11 11 10 10 10 10 10 10 10 10
10 10 10 11 9 12 11 12 9 11 10 11 11 11 10 10 10 10
10 10 10 11 11 12 9 12 11 11 10 12 9 13 11 10 10 10
11 11 10 10 10 11 11 11 10 10 10 12 9 9 11 10 10 10
9 11 10 10 10 10 10 10 10 10 10 11 12 12 11 10 11 11
11 11 11 11 11 10 10 10 10 10 10 10 10 10 10 10 11 9
10 10 11 9 11 10 10 10 10 10 10 10 10 10 10 10 11 1
10 10 11 11 11 10 10 10 10 10 10 10 10 10 11 11 11 0
10 10 10 10 10 10 10 10 10 10 10 10 10 10 11 9 3 2
10 10 10 10 10 10 10 10 10 10 10 10 10 10 11 2 9 9
10 10 10 10 10 10 10 10 10 10 10 10 10 10 11 3 4 3
10 10 10 10 10 10 10 10 10 10 10 10 10 10 11 9 9 1